32
0	1729	1988	1631	1281	1048	1198	1773	1131	1896	1855	1606	1553	1444	1535	1348	1969	1760	1985	1142	1723	1699	1975	1500	1806	1795	1066	1105	1272	1203	1120	1367	
1729	0	1447	1565	1089	1971	2033	1627	1614	1579	2041	1410	1420	1709	1764	1981	1070	1152	1708	1498	1379	1313	1442	1526	2029	1083	1059	1869	1905	1102	2048	1750	
1988	1447	0	1030	1593	1742	1417	1324	2001	1662	1091	1449	1307	1790	1682	1763	1998	1484	1345	1095	1879	1951	1745	2034	1452	1486	1645	1235	1771	1850	1987	1087	
1631	1565	1030	0	1225	1888	1163	1111	1984	1585	1335	1948	1547	1159	1115	1405	1558	1515	1591	1711	1389	1054	1396	1584	1400	1787	1182	1692	1294	1164	1231	1841	
1281	1089	1593	1225	0	1266	1637	1601	1766	1805	1061	1512	1271	2025	1388	1298	1667	2021	1274	2026	1755	1772	1432	2003	1641	1031	1933	1123	1725	1927	1476	1718	
1048	1971	1742	1888	1266	0	1403	1398	1038	1687	1218	1712	1865	1833	1876	1524	1609	1334	1828	2037	1049	1848	1823	1842	1961	1303	1990	1972	1085	1653	1907	1236	
1198	2033	1417	1163	1637	1403	0	1458	1194	1478	1623	1612	1075	1130	1864	1327	2024	1592	1126	1148	1450	1497	1743	1918	1360	1208	1399	1875	1167	1364	1193	1119	
1773	1627	1324	1111	1601	1398	1458	0	1151	1752	2036	1608	1316	1103	1762	1563	1754	2028	1664	1459	1427	1924	1213	1414	1487	1393	1096	1071	1706	1744	1567	1025	
1131	1614	2001	1984	1766	1038	1194	1151	0	1429	1171	1135	1251	1854	1140	1184	1700	1923	1161	1940	1836	1366	1256	1507	1589	1995	1238	1384	2019	1569	1680	1086	
1896	1579	1662	1585	1805	1687	1478	1752	1429	0	1930	1160	1853	1514	1691	1394	1496	1041	1800	1461	1690	1534	1982	1330	1409	1259	1928	1895	1441	1701	1839	2022	
1855	2041	1091	1335	1061	1218	1623	2036	1171	1930	0	1730	1587	1286	1759	1881	1270	1543	1578	1280	1576	1462	1144	1245	1736	1074	1613	1704	1979	1550	1372	1843	
1606	1410	1449	1948	1512	1712	1612	1608	1135	1160	1730	0	1306	1884	1556	1175	1530	1114	1362	1282	1867	1058	1642	1644	1952	1067	1436	1978	1810	1970	1572	1899	
1553	1420	1307	1547	1271	1865	1075	1316	1251	1853	1587	1306	0	1116	1158	1885	1533	1081	1636	1912	1721	1652	1284	1702	1797	1297	1598	1056	1648	1408	1157	1172	
1444	1709	1790	1159	2025	1833	1130	1103	1854	1514	1286	1884	1116	0	1640	1625	1840	1713	1796	1660	1661	1619	1475	1470	1300	1325	1698	1322	1248	1495	1898	1778	
1535	1764	1682	1115	1388	1876	1864	1762	1140	1691	1759	1556	1158	1640	0	1264	1491	1433	1904	1479	1137	1404	1544	1737	1665	1740	1471	1551	1482	1329	1100	1273	
1348	1981	1763	1405	1298	1524	1327	1563	1184	1394	1881	1175	1885	1625	1264	0	1768	1304	1597	1026	1473	1703	1176	1323	1411	1957	1230	2005	1922	1129	1769	1118	
1969	1070	1998	1558	1667	1609	2024	1754	1700	1496	1270	1530	1533	1840	1491	1768	0	1165	1069	1658	2046	1926	1783	1339	1108	1522	1028	1722	1675	1997	1072	1263	
1760	1152	1484	1515	2021	1334	1592	2028	1923	1041	1543	1114	1081	1713	1433	1304	1165	0	1402	1079	1050	1229	1192	2011	1936	1265	1838	1523	1999	1931	1380	1434	
1985	1708	1345	1591	1274	1828	1126	1664	1161	1800	1578	1362	1636	1796	1904	1597	1069	1402	0	1950	1383	1505	1872	2020	1789	1689	1815	1892	1900	1047	1603	1097	
1142	1498	1095	1711	2026	2037	1148	1459	1940	1461	1280	1282	1912	1660	1479	1026	1658	1079	1950	0	1134	2000	1798	1849	1106	2031	1596	1205	1321	1395	1654	2004	
1723	1379	1879	1389	1755	1049	1450	1427	1836	1690	1576	1867	1721	1661	1137	1473	2046	1050	1383	1134	0	1138	1044	1149	1824	1747	1352	1237	1520	1727	1600	1656	
1699	1313	1951	1054	1772	1848	1497	1924	1366	1534	1462	1058	1652	1619	1404	1703	1926	1229	1505	2000	1138	0	1953	1749	1342	1944	1605	1174	1448	1190	1929	1285	
1975	1442	1745	1396	1432	1823	1743	1213	1256	1982	1144	1642	1284	1475	1544	1176	1783	1192	1872	1798	1044	1953	0	1821	1468	1509	1894	1782	1415	1974	1269	1244	
1500	1526	2034	1584	2003	1842	1918	1414	1507	1330	1245	1644	1702	1470	1737	1323	1339	2011	2020	1849	1149	1749	1821	0	1818	1846	1733	1027	1295	1242	1807	1715	
1806	2029	1452	1400	1641	1961	1360	1487	1589	1409	1736	1952	1797	1300	1665	1411	1108	1936	1789	1106	1824	1342	1468	1818	0	1911	1228	1958	1532	1908	1212	1289	
1795	1083	1486	1787	1031	1303	1208	1393	1995	1259	1074	1067	1297	1325	1740	1957	1522	1265	1689	2031	1747	1944	1509	1846	1911	0	1268	1173	1080	1934	1219	1341	
1066	1059	1645	1182	1933	1990	1399	1096	1238	1928	1613	1436	1598	1698	1471	1230	1028	1838	1815	1596	1352	1605	1894	1733	1228	1268	0	1831	1202	2017	1169	2002	
1105	1869	1235	1692	1123	1972	1875	1071	1384	1895	1704	1978	1056	1322	1551	2005	1722	1523	1892	1205	1237	1174	1782	1027	1958	1173	1831	0	1857	1851	1955	1977	
1272	1905	1771	1294	1725	1085	1167	1706	2019	1441	1979	1810	1648	1248	1482	1922	1675	1999	1900	1321	1520	1448	1415	1295	1532	1080	1202	1857	0	1626	1628	1435	
1203	1102	1850	1164	1927	1653	1364	1744	1569	1701	1550	1970	1408	1495	1329	1129	1997	1931	1047	1395	1727	1190	1974	1242	1908	1934	2017	1851	1626	0	1112	1428	
1120	2048	1987	1231	1476	1907	1193	1567	1680	1839	1372	1572	1157	1898	1100	1769	1072	1380	1603	1654	1600	1929	1269	1807	1212	1219	1169	1955	1628	1112	0	1552	
1367	1750	1087	1841	1718	1236	1119	1025	1086	2022	1843	1899	1172	1778	1273	1118	1263	1434	1097	2004	1656	1285	1244	1715	1289	1341	2002	1977	1435	1428	1552	0	
